What are the objectives of the neutral components research?


Neutral components results for increasing number of gates:
Conclusion:  The number of components goes up, but more concentrated in the largest component.

p4 = Parameters(3,1,4,2)
Parameters(1, 4, 0.05, 0.0, 3, 1, 2, 4, 2)
julia> @time df = component_properties( p4, [0x0015,0x005a], use_lincircuit=false )
  0.759673 seconds
Any[]

p4 = Parameters(3,1,3,3)
@time df = component_properties( p4, [0x0015,0x005a], use_lincircuit=false )
  6.641420 seconds (20.23 M allocations: 1.116 GiB, 10.47% gc time)
9×15 DataFrame
 Row │ len      count    pheno   numinputs  ngates   levsback  nwalks_set  walk_length  nwalks_circ  avg_robust  avg_evo   avg_cmplx  avg_walk  sum_ma_walk  avg_nactive
     │ Float64  Float64  String  Float64    Float64  Float64   Float64     Float64      Float64      Float64     Float64   Float64    Float64   Float64      Float64
─────┼───────────────────────────────────────────────────────────────────────────────────────────────────────────────────────────────────────────────────────────────────
   1 │     1.0     32.0  0x0015        3.0      3.0       3.0         1.0          5.0         10.0   0.0        0.760417  0.648147      0.1      0.0509375      3.0
   2 │     2.0      4.0  0x0015        3.0      3.0       3.0         1.0          5.0         10.0   0.0416667  0.666667  0.704434      0.125    0.05           3.0
   3 │     4.0      4.0  0x0015        3.0      3.0       3.0         1.0          5.0         10.0   0.0625     0.59375   0.455105      0.175    0.0775         3.0
   4 │     6.0      4.0  0x0015        3.0      3.0       3.0         1.0          5.0         10.0   0.0694444  0.701389  0.771144      0.25     0.0725         3.0
   5 │   268.0      1.0  0x0015        3.0      3.0       3.0         1.0          5.0         10.0   0.276119   0.580846  0.287696      1.5      0.08           2.32836
   6 │     1.0     24.0  0x005a        3.0      3.0       3.0         1.0          5.0         10.0   0.0        0.638889  0.555556      0.1      0.100417       3.0
   7 │     4.0     10.0  0x005a        3.0      3.0       3.0         1.0          5.0         10.0   0.0833333  0.529167  0.8           0.23     0.136          3.0
   8 │    98.0      2.0  0x005a        3.0      3.0       3.0         1.0          5.0         10.0   0.357993   0.479592  0.0680272     1.6      0.24           2.08163
   9 │   130.0      2.0  0x005a        3.0      3.0       3.0         1.0          5.0         10.0   0.313462   0.461538  0.710206      0.85     0.135          2.30769

p4 = Parameters(3,1,4,3)
@time df = component_properties( p4, [0x0015,0x005a], use_lincircuit=false )
158.096337 seconds (741.66 M allocations: 50.345 GiB, 4.82% gc time)
24×15 DataFrame
 Row │ len      count    pheno   numinputs  ngates   levsback  nwalks_set  walk_length  nwalks_circ  avg_robust  avg_evo   avg_cmplx  avg_walk  sum_ma_walk  avg_nactive
     │ Float64  Float64  String  Float64    Float64  Float64   Float64     Float64      Float64      Float64     Float64   Float64    Float64   Float64      Float64
─────┼───────────────────────────────────────────────────────────────────────────────────────────────────────────────────────────────────────────────────────────────────
   1 │     1.0     32.0  0x0015        3.0      4.0       3.0         1.0          5.0         10.0   0.0        0.609375   1.26206   0.1         0.0640625      4.0
   2 │     2.0     56.0  0x0015        3.0      4.0       3.0         1.0          5.0         10.0   0.03125    0.631696   1.39033   0.119643    0.0848214      4.0
   3 │     6.0      8.0  0x0015        3.0      4.0       3.0         1.0          5.0         10.0   0.0520833  0.546875   1.56975   0.1625      0.14375        4.0
   4 │     8.0     16.0  0x0015        3.0      4.0       3.0         1.0          5.0         10.0   0.0546875  0.671875   1.32394   0.2         0.063125       4.0
   5 │    10.0      8.0  0x0015        3.0      4.0       3.0         1.0          5.0         10.0   0.06875    0.628125   1.42753   0.2375      0.0975         4.0
   6 │    16.0      4.0  0x0015        3.0      4.0       3.0         1.0          5.0         10.0   0.0859375  0.542969   1.45428   0.225       0.0725         4.0
   7 │    20.0      4.0  0x0015        3.0      4.0       3.0         1.0          5.0         10.0   0.10625    0.515625   1.40418   0.625       0.27           4.0
   8 │    36.0      4.0  0x0015        3.0      4.0       3.0         1.0          5.0         10.0   0.0833333  0.659722   1.21209   0.3         0.09           4.0
   9 │    40.0      2.0  0x0015        3.0      4.0       3.0         1.0          5.0         10.0   0.1        0.4875     1.40659   0.75        0.275          4.0
  10 │    80.0      2.0  0x0015        3.0      4.0       3.0         1.0          5.0         10.0   0.1125     0.479687   1.28      0.4         0.095          4.0
  11 │   118.0      4.0  0x0015        3.0      4.0       3.0         1.0          5.0         10.0   0.223517   0.623411   0.979199  0.825       0.1            3.23729
  12 │   236.0      4.0  0x0015        3.0      4.0       3.0         1.0          5.0         10.0   0.220869   0.61679    1.20869   1.0         0.16           3.23729
  13 │  1524.0      2.0  0x0015        3.0      4.0       3.0         1.0          5.0         10.0   0.270833   0.504962   1.08002   1.35        0.25           3.29134
  14 │  1872.0      1.0  0x0015        3.0      4.0       3.0         1.0          5.0         10.0   0.193376   0.51489    1.08597   0.6         0.16           3.61538
  15 │  4984.0      1.0  0x0015        3.0      4.0       3.0         1.0          5.0         10.0   0.285313   0.489842   1.02083   1.3         0.22           3.34992
  16 │     2.0    104.0  0x005a        3.0      4.0       3.0         1.0          5.0         10.0   0.03125    0.542067   1.40517   0.122115    0.120096       4.0
  17 │     4.0     16.0  0x005a        3.0      4.0       3.0         1.0          5.0         10.0   0.0625     0.457031   1.36397   0.1875      0.2075         4.0
  18 │     8.0     22.0  0x005a        3.0      4.0       3.0         1.0          5.0         10.0   0.09375    0.430043   1.69697   0.254545    0.12           4.0
  19 │    49.0      8.0  0x005a        3.0      4.0       3.0         1.0          5.0         10.0   0.237245   0.609056   1.29762   0.9625      0.175          3.08163
  20 │   452.0      2.0  0x005a        3.0      4.0       3.0         1.0          5.0OB         10.0   0.284569   0.410537   1.3344    0.75        0.08           3.20354
  21 │   456.0      2.0  0x005a        3.0      4.0       3.0         1.0          5.0         10.0   0.285088   0.421053   1.32343   1.05        0.16           3.21053
  22 │  1072.0      1.0  0x005a        3.0      4.0       3.0         1.0          5.0         10.0   0.268657   0.400886   0.992464  0.8         0.24           3.32836
  23 │  1088.0      1.0  0x005a        3.0      4.0       3.0         1.0          5.0         10.0   0.266085   0.395795   0.974517  0.1         0.24           3.33824
  24 │  9646.0      2.0  0x005a        3.0      4.0       3.0         1.0          5.0         10.0   0.423965   0.362385   1.00916   2.75        0.34           2.80572

p4 = Parameters(3,1,4,4)
Parameters(1, 4, 0.05, 0.0, 3, 1, 2, 4, 4)
@time df = component_properties( p4, [0x0015,0x005a], use_lincircuit=false )
1719.984029 seconds (6.14 G allocations: 1001.905 GiB, 11.69% gc time)
19×15 DataFrame
 Row │ len       count    pheno   numinputs  ngates   levsback  nwalks_set  walk_length  nwalks_circ  avg_robust  avg_evo   avg_cmplx  avg_walk  sum_ma_walk  avg_nactive
     │ Float64   Float64  String  Float64    Float64  Float64   Float64     Float64      Float64      Float64     Float64   Float64    Float64   Float64      Float64
─────┼────────────────────────────────────────────────────────────────────────────────────────────────────────────────────────────────────────────────────────────────────
   1 │      1.0    128.0  0x0015        3.0      4.0       4.0         1.0          5.0         10.0   0.0        0.628289   1.16094   0.1         0.0985937      4.0
   2 │      2.0     88.0  0x0015        3.0      4.0       4.0         1.0          5.0         10.0   0.0263158  0.592105   1.36882   0.131818    0.0934091      4.0
   3 │      6.0     24.0  0x0015        3.0      4.0       4.0         1.0          5.0         10.0   0.0497076  0.580409   1.24367   0.2375      0.143333       4.0
   4 │      8.0     24.0  0x0015        3.0      4.0       4.0         1.0          5.0         10.0   0.0460526  0.578947   1.11427   0.2         0.14875        4.0
   5 │     10.0     16.0  0x0015        3.0      4.0       4.0         1.0          5.0         10.0   0.0684211  0.621053   0.845406  0.28125     0.16           4.0
   6 │     12.0     16.0  0x0015        3.0      4.0       4.0         1.0          5.0         10.0   0.0657895  0.653509   1.29733   0.3125      0.119375       4.0
   7 │     14.0      8.0  0x0015        3.0      4.0       4.0         1.0          5.0         10.0   0.0789474  0.650376   1.45924   0.2625      0.09375        4.0
   8 │     16.0      8.0  0x0015        3.0      4.0       4.0         1.0          5.0         10.0   0.0888158  0.588816   0.924004  0.3375      0.09625        4.0
   9 │     20.0      4.0  0x0015        3.0      4.0       4.0         1.0          5.0         10.0   0.0526316  0.594737   0.917695  0.25        0.1425         4.0
  10 │  17856.0      1.0  0x0015        3.0      4.0       4.0         1.0          5.0         10.0   0.23564    0.521122   0.979469  0.8         0.38           3.28539
  11 │  75472.0      1.0  0x0015        3.0      4.0       4.0         1.0          5.0         10.0   0.419398   0.403482   0.476063  0.9         0.42           2.58491
  12 │      2.0    136.0  0x005a        3.0      4.0       4.0         1.0          5.0         10.0   0.0263158  0.535604   1.37466   0.127941    0.150882       4.0
  13 │      4.0     16.0  0x005a        3.0      4.0       4.0         1.0          5.0         10.0   0.0526316  0.490132   1.36397   0.21875     0.14375        4.0
  14 │      8.0     18.0  0x005a        3.0      4.0       4.0         1.0          5.0         10.0   0.0789474  0.400585   1.68519   0.238889    0.116111       4.0
  15 │     16.0      4.0  0x005a        3.0      4.0       4.0         1.0          5.0         10.0   0.0592105  0.467105   1.42882   0.275       0.22           4.0
  16 │     20.0      4.0  0x005a        3.0      4.0       4.0         1.0          5.0         10.0   0.0578947  0.478947   1.45752   0.225       0.2075         4.0
  17 │    408.0      2.0  0x005a        3.0      4.0       4.0         1.0          5.0         10.0   0.231166   0.420021   1.18337   1.15        0.395          3.21569
  18 │    416.0      2.0  0x005a        3.0      4.0       4.0         1.0          5.0         10.0   0.227227   0.420294   1.18183   1.15        0.225          3.23077
  19 │ 154168.0      1.0  0x005a        3.0      4.0       4.0         1.0          5.0         10.0   0.429723   0.355153   0.705815  1.5         0.2            2.61657
